# Haq et al. (1987) eustatic sea-level curve, digitized by Miller et al. (2005); archived at NOAA/WDC Paleoclimatology:
# https://www.ncei.noaa.gov/pub/data/paleo/contributions_by_author/miller2005/miller2005-haq87.txt (fetched 2026-09-25)
# Columns: age_BKSA95_Ma  sealevel_m  age_GTS12_Ma
0.15	1.26	0.15
0.26	-79.63	0.26
0.97	-78.92	0.97
1.08	1.39	1.08
1.19	11.33	1.19
1.29	18.02	1.29
1.43	19.51	1.43
1.59	13.09	1.59
1.66	-0.89	1.66
1.73	-73.65	1.73
1.75	-77.67	1.76
1.94	-79.54	1.94
2.04	-75.45	2.04
2.00	-2.69	2.01
2.07	6.17	2.07
2.24	16.42	2.25
2.39	7.73	2.39
2.42	-3.54	2.42
2.46	-64.17	2.46
2.54	-71.55	2.54
2.61	-67.02	2.62
2.71	-60.11	2.71
2.77	-24.61	2.77
2.84	10.99	2.85
2.86	15.86	2.87
2.98	16.48	2.99
3.08	11.37	3.09
3.16	-62.69	3.16
3.14	-68.10	3.14
3.16	-72.97	3.16
3.27	-75.06	3.27
3.38	-69.66	3.38
3.43	-62.53	3.43
3.54	28.06	3.54
3.59	41.15	3.60
3.64	51.32	3.64
3.75	54.76	3.75
3.82	55.07	3.83
3.92	46.17	3.92
3.99	31.00	3.99
4.10	-20.33	4.10
4.11	-25.97	4.11
4.19	-27.83	4.20
4.27	-21.99	4.27
4.34	-14.32	4.34
4.36	1.59	4.36
4.34	61.46	4.34
4.40	67.62	4.40
4.44	69.67	4.45
4.51	68.14	4.51
4.63	70.39	4.63
4.78	79.67	4.79
4.92	85.05	4.93
5.23	88.24	5.23
5.47	87.75	5.55
5.65	83.82	5.73
5.71	71.90	5.78
5.83	-32.27	5.90
5.86	-38.13	5.94
5.97	-42.81	6.04
6.12	-36.23	6.19
6.15	-28.23	6.23
6.18	28.50	6.25
6.34	34.31	6.41
6.44	35.37	6.51
6.58	29.71	6.65
6.59	20.72	6.66
6.63	-18.48	6.70
6.73	-23.48	6.80
6.91	-26.22	6.97
7.01	-23.10	7.08
7.08	-18.13	7.15
7.11	-2.98	7.18
7.31	5.11	7.37
7.56	11.02	7.63
7.89	11.30	7.95
8.24	7.56	8.29
8.45	-2.00	8.51
8.66	-16.32	8.72
8.85	-21.87	8.90
9.08	-24.18	9.13
9.61	-24.48	9.65
9.78	-19.10	9.82
9.97	-7.99	10.01
10.07	-2.40	10.12
10.22	-0.31	10.26
10.36	-0.80	10.41
10.46	-3.88	10.50
10.52	-12.78	10.56
10.76	-69.08	10.80
10.79	-75.59	10.83
10.86	-79.08	10.90
10.97	-75.56	11.00
10.99	-67.45	11.03
11.01	25.76	11.04
11.05	39.70	11.09
11.15	49.72	11.18
11.27	52.90	11.30
11.40	53.39	11.43
11.53	52.24	11.56
11.65	46.98	11.68
11.70	41.76	11.73
11.81	39.65	11.84
11.89	48.16	11.92
11.93	82.68	11.96
12.03	91.11	12.06
12.31	96.25	12.34
12.61	94.67	12.63
12.80	89.76	12.82
12.94	84.86	12.96
13.12	84.39	13.14
13.23	90.11	13.25
13.29	118.79	13.31
13.44	127.42	13.45
13.72	136.57	13.73
14.12	142.98	14.13
14.52	141.38	14.53
14.80	137.11	14.81
14.89	57.08	14.90
15.02	52.51	15.02
15.08	58.24	15.09
15.11	101.21	15.12
15.25	133.87	15.25
15.31	140.14	15.30
15.52	143.23	15.49
15.77	138.83	15.72
15.83	131.13	15.78
15.92	45.69	15.86
15.98	41.24	15.92
16.09	41.64	16.02
16.13	50.62	16.05
16.18	89.36	16.10
16.22	106.79	16.13
16.24	122.48	16.16
16.32	131.01	16.23
16.43	135.75	16.33
16.60	138.30	16.49
16.77	137.18	16.64
16.87	133.26	16.74
16.94	122.31	16.79
17.01	116.88	16.86
17.13	115.33	16.97
17.40	118.73	17.22
17.74	120.70	17.53
18.07	118.46	17.83
18.61	106.63	18.33
19.27	87.10	18.94
19.83	67.69	19.45
20.01	64.18	19.61
20.14	66.96	19.73
20.25	74.30	19.83
20.33	110.65	19.91
20.41	117.23	19.98
20.60	120.64	20.16
20.77	116.37	20.33
20.82	109.11	20.37
20.95	102.57	20.50
21.10	110.65	20.63
21.29	118.39	20.81
21.69	128.24	21.19
22.06	133.22	21.53
22.44	134.09	21.89
22.88	129.10	22.31
23.18	121.33	22.59
23.35	104.17	22.75
23.44	45.04	22.83
23.50	35.06	22.89
23.65	33.28	23.03
23.76	39.53	23.14
23.85	71.45	23.22
23.86	80.86	23.23
24.05	85.26	23.41
24.25	84.25	23.60
24.38	75.68	23.72
24.45	61.37	23.79
24.45	53.36	23.79
24.68	47.36	24.00
24.89	54.24	24.20
25.06	69.37	24.36
25.24	77.24	24.54
25.52	80.86	24.85
25.80	80.81	25.16
26.04	76.43	25.44
26.26	66.96	25.67
26.55	36.70	26.00
26.64	31.49	26.10
26.84	30.26	26.32
26.99	34.01	26.50
27.14	58.13	26.66
27.68	62.07	27.26
28.29	56.48	27.94
28.80	37.69	28.52
28.93	20.46	28.66
28.99	10.06	28.73
29.23	3.10	28.99
29.50	1.01	29.30
29.93	11.14	29.78
29.93	35.06	29.78
30.16	131.72	30.03
30.11	148.02	30.10
30.37	167.15	30.27
30.59	177.32	30.52
30.84	178.81	30.78
31.02	175.68	30.99
31.22	173.42	31.20
31.36	178.86	31.36
31.80	192.24	31.84
32.14	196.27	32.21
32.46	196.30	32.56
32.77	192.65	32.91
33.08	179.26	33.24
33.12	160.95	33.29
33.29	111.11	33.48
33.37	102.64	33.57
33.57	103.46	33.79
33.67	113.39	33.90
33.72	137.74	33.95
33.77	147.46	34.01
33.88	151.31	34.13
34.04	149.51	34.30
34.08	142.24	34.35
34.10	135.95	34.37
34.19	131.70	34.46
34.28	132.74	34.57
34.36	138.89	34.66
34.72	142.74	35.05
35.02	136.63	35.37
35.08	129.80	35.43
35.45	124.88	35.77
35.91	129.57	36.21
36.23	133.30	36.50
36.57	128.25	36.82
36.67	120.01	36.91
36.80	102.01	37.03
37.23	94.57	37.43
37.37	158.74	37.57
37.57	170.61	37.75
37.68	175.03	37.86
37.99	175.95	38.14
38.40	171.98	38.52
38.74	173.32	38.85
38.96	177.51	39.05
39.04	187.13	39.13
39.34	192.38	39.41
39.65	192.01	39.69
39.85	180.72	39.88
40.10	151.99	40.12
40.29	144.05	40.29
40.68	139.66	40.64
41.01	139.72	40.93
41.36	146.48	41.25
41.64	168.52	41.50
41.75	174.78	41.60
42.08	177.97	41.90
42.42	174.66	42.20
42.65	172.24	42.41
42.92	174.03	42.65
43.22	186.86	42.92
43.54	200.55	43.21
43.95	208.48	43.59
44.55	210.85	44.19
44.98	205.57	44.62
45.14	200.23	44.78
45.32	194.35	44.96
45.54	191.82	45.18
45.95	196.49	45.58
46.44	207.65	46.08
46.71	213.01	46.35
47.18	214.20	46.81
47.39	211.13	47.02
47.57	204.05	47.21
47.62	169.18	47.26
47.81	161.56	47.45
48.07	160.53	47.70
48.28	168.93	47.91
48.33	183.10	47.96
48.56	186.10	48.19
48.75	185.43	48.38
48.86	178.80	48.49
49.16	80.03	48.79
49.30	71.68	48.93
49.54	83.33	49.17
49.56	92.31	49.19
49.76	187.11	49.40
49.83	195.54	49.49
49.89	198.87	49.56
50.02	200.13	49.73
50.12	195.33	49.85
50.33	202.11	50.12
50.41	206.32	50.22
50.62	202.92	50.48
50.81	207.33	50.72
51.05	210.98	51.02
51.35	212.14	51.39
51.52	204.86	51.61
51.57	184.07	51.67
51.78	176.68	51.93
52.04	180.11	52.26
52.27	208.97	52.55
52.31	215.02	52.60
52.40	217.16	52.71
52.48	212.70	52.81
52.52	207.06	52.86
52.60	206.28	52.96
52.67	211.57	53.05
52.92	220.15	53.36
53.03	217.62	53.50
53.15	212.17	53.65
53.24	209.00	53.76
53.47	211.99	54.05
54.04	214.08	54.77
54.43	209.92	55.25
54.66	160.52	55.54
54.86	154.33	55.79
55.11	157.65	56.11
55.26	197.25	56.29
55.41	187.37	56.48
55.43	164.85	56.51
55.56	134.08	56.67
55.64	130.82	56.77
55.70	138.71	56.85
55.70	172.70	56.85
55.83	177.64	57.01
55.89	170.81	57.07
55.89	71.96	57.08
55.90	72.60	57.10
55.97	173.79	57.16
56.19	184.45	57.39
56.48	191.64	57.69
56.79	193.40	58.01
57.15	192.99	58.37
57.30	190.14	58.53
57.65	177.17	58.88
58.66	70.62	59.92
58.71	61.08	59.96
58.92	56.16	60.18
59.15	65.30	60.42
59.22	148.21	60.49
59.27	173.51	60.54
59.34	178.66	60.60
59.41	179.26	60.68
59.47	172.84	60.74
59.54	154.17	60.82
59.62	149.25	60.89
59.69	151.05	60.96
59.75	166.83	61.02
59.86	180.65	61.14
60.11	192.15	61.39
60.41	198.65	61.70
60.77	197.88	62.07
61.12	194.08	62.40
61.41	191.38	62.67
61.69	193.45	62.92
62.03	201.02	63.23
62.50	198.53	63.65
62.57	199.34	63.72
62.64	200.70	63.78
62.71	202.60	63.85
62.79	203.41	63.91
62.86	204.50	63.98
62.93	205.10	64.04
63.00	205.10	64.11
63.07	207.00	64.17
63.14	207.00	64.24
63.21	207.00	64.30
63.29	207.00	64.37
63.36	207.00	64.43
63.43	207.00	64.49
63.50	207.00	64.56
63.57	207.00	64.62
63.64	207.00	64.69
63.71	207.00	64.75
63.79	207.00	64.82
63.86	207.00	64.88
63.93	207.00	64.95
64.00	207.00	65.01
64.07	207.00	65.08
64.14	207.00	65.14
64.21	207.00	65.21
64.29	207.00	65.27
64.36	207.00	65.34
64.43	207.10	65.40
64.50	207.10	65.47
64.57	207.10	65.53
64.64	207.10	65.60
64.71	205.20	65.66
64.79	201.40	65.73
64.86	197.60	65.79
64.93	193.80	65.86
65.00	190.00	65.92
65.10	187.47	66.01
65.20	186.20	66.10
65.30	186.30	66.19
65.40	188.20	66.28
65.50	188.20	66.38
65.55	190.10	66.42
65.60	192.00	66.47
65.65	194.85	66.51
65.70	195.80	66.56
65.75	195.80	66.60
65.80	192.00	66.65
65.85	154.03	66.69
65.90	121.90	66.74
65.95	120.00	66.79
66.00	154.10	66.83
66.18	188.20	66.99
66.35	195.80	67.15
66.53	199.60	67.31
66.71	203.40	67.47
66.88	205.30	67.64
67.06	207.20	67.80
67.24	209.10	67.96
67.41	211.00	68.12
67.59	212.90	68.28
67.77	214.80	68.44
67.94	214.80	68.60
68.12	214.80	68.76
68.30	214.80	68.92
68.47	214.80	69.08
68.65	214.80	69.24
68.83	214.80	69.41
69.00	212.90	69.57
69.18	211.00	69.73
69.36	211.00	69.89
69.53	209.10	70.05
69.71	207.30	70.21
69.89	203.50	70.37
70.06	200.33	70.53
70.24	196.38	70.69
70.42	189.57	70.85
70.59	177.57	71.01
70.77	169.40	71.17
70.95	169.40	71.34
71.12	180.80	71.51
71.30	191.15	71.71
71.39	198.75	71.81
71.48	205.40	71.91
71.57	209.20	72.01
71.66	213.00	72.11
71.75	214.90	72.21
71.84	218.70	72.31
71.93	220.60	72.41
72.02	222.50	72.51
72.11	224.40	72.62
72.20	226.30	72.72
72.29	226.30	72.82
72.38	226.30	72.92
72.47	228.20	73.02
72.56	228.20	73.12
72.65	228.20	73.22
72.74	229.71	73.32
72.83	229.78	73.42
72.92	229.80	73.52
73.01	229.80	73.63
73.10	229.80	73.73
73.19	229.80	73.83
73.28	229.80	73.93
73.37	229.53	74.03
73.46	227.93	74.13
73.55	227.99	74.23
73.64	225.56	74.33
73.73	222.84	74.42
73.82	222.26	74.51
73.91	222.21	74.61
74.00	220.30	74.70
74.10	216.40	74.80
74.19	214.03	74.89
74.29	209.75	74.99
74.38	203.48	75.09
74.48	196.16	75.19
74.57	191.50	75.28
74.67	189.60	75.38
74.76	189.60	75.48
74.86	189.60	75.58
74.95	191.50	75.67
75.05	198.20	75.77
75.14	206.80	75.87
75.24	211.60	75.96
75.33	218.30	76.06
75.43	222.10	76.16
75.52	225.90	76.26
75.62	229.80	76.35
75.71	233.60	76.45
75.81	236.45	76.55
75.90	237.40	76.65
76.00	237.40	76.74
76.09	237.40	76.84
76.19	237.40	76.94
76.28	236.64	77.04
76.38	234.36	77.13
76.47	233.10	77.23
76.57	231.60	77.33
76.66	229.70	77.43
76.76	229.70	77.52
76.85	229.70	77.62
76.95	231.60	77.72
77.04	231.60	77.81
77.14	231.60	77.91
77.23	233.50	78.01
77.33	234.45	78.11
77.42	237.40	78.20
77.52	241.20	78.30
77.61	243.10	78.40
77.71	245.00	78.50
77.80	245.00	78.59
77.90	245.00	78.69
77.99	245.00	78.79
78.09	245.00	78.89
78.18	243.10	78.98
78.28	241.10	79.08
78.37	239.20	79.18
78.47	237.30	79.27
78.56	237.30	79.37
78.66	237.30	79.47
78.75	239.20	79.57
78.85	239.20	79.66
78.94	241.10	79.76
79.04	243.00	79.86
79.13	244.90	79.95
79.23	243.00	80.04
79.32	241.10	80.13
79.42	236.83	80.22
79.51	223.90	80.31
79.61	193.20	80.40
79.70	186.23	80.49
79.80	202.80	80.58
79.89	217.15	80.67
79.99	221.90	80.76
80.08	225.80	80.85
80.18	227.70	80.94
80.27	231.50	81.03
80.37	233.40	81.12
80.46	233.40	81.21
80.56	235.30	81.30
80.65	235.93	81.38
80.75	237.20	81.47
80.84	237.20	81.56
80.94	237.20	81.65
81.03	237.20	81.74
81.13	235.30	81.83
81.22	235.30	81.92
81.32	235.30	82.01
81.41	233.40	82.10
81.51	233.40	82.19
81.60	233.40	82.28
81.70	231.40	82.37
81.79	229.03	82.46
81.89	225.70	82.55
81.98	219.52	82.64
82.08	215.34	82.73
82.17	212.30	82.82
82.27	210.40	82.91
82.36	210.40	83.00
82.46	210.30	83.09
82.55	212.30	83.18
82.65	213.25	83.27
82.74	216.10	83.35
82.84	217.05	83.44
82.93	219.90	83.53
83.03	221.80	83.62
83.12	223.70	83.72
83.22	225.60	83.81
83.31	224.08	83.90
83.41	222.56	83.99
83.50	220.28	84.08
83.56	216.00	84.14
83.62	211.82	84.19
83.67	207.64	84.25
83.73	202.22	84.30
83.79	189.70	84.36
83.85	184.64	84.41
83.90	181.60	84.47
83.96	181.60	84.53
84.02	185.40	84.58
84.08	194.33	84.64
84.13	204.50	84.69
84.19	212.20	84.75
84.25	217.90	84.80
84.31	221.70	84.86
84.36	223.60	84.91
84.42	223.60	84.97
84.48	223.60	85.02
84.54	223.60	85.08
84.59	225.35	85.14
84.65	225.70	85.19
84.71	224.41	85.25
84.77	221.73	85.30
84.82	220.10	85.36
84.88	220.10	85.41
84.94	218.20	85.47
85.00	218.20	85.52
85.05	216.30	85.58
85.11	216.30	85.63
85.17	216.30	85.69
85.23	216.32	85.75
85.28	216.39	85.80
85.34	217.62	85.86
85.40	218.98	85.91
85.46	220.47	85.97
85.51	223.19	86.02
85.57	225.95	86.08
85.63	227.86	86.13
85.69	229.70	86.19
85.74	229.70	86.24
85.80	229.80	86.30
86.12	227.90	86.65
86.44	224.10	87.00
86.76	222.20	87.35
87.08	224.10	87.70
87.40	226.00	88.05
87.72	231.70	88.40
88.04	235.60	88.75
88.36	237.50	89.10
88.68	237.50	89.45
89.00	237.50	89.80
89.15	234.97	89.94
89.30	229.90	90.07
89.45	214.70	90.21
89.60	176.50	90.35
89.75	135.50	90.48
89.90	128.80	90.62
90.05	130.70	90.76
90.20	163.20	90.89
90.35	209.00	91.03
90.50	241.50	91.17
90.65	238.97	91.30
90.80	224.30	91.44
90.95	220.50	91.58
91.10	251.10	91.71
91.25	254.90	91.85
91.40	254.90	91.99
91.55	247.30	92.12
91.70	243.50	92.26
91.85	243.50	92.40
92.00	249.30	92.53
92.15	256.90	92.67
92.30	256.90	92.81
92.45	257.00	92.94
92.60	257.00	93.08
92.75	257.99	93.22
92.90	255.27	93.35
93.05	252.01	93.49
93.20	246.93	93.63
93.35	241.70	93.76
93.50	238.99	93.90
93.64	234.64	94.07
93.77	229.76	94.23
93.91	227.04	94.40
94.04	224.34	94.56
94.18	222.80	94.73
94.31	222.80	94.89
94.45	220.90	95.06
94.58	220.90	95.22
94.72	218.30	95.39
94.85	218.30	95.55
94.99	219.25	95.72
95.12	221.80	95.88
95.26	222.20	96.05
95.39	224.10	96.21
95.53	224.18	96.38
95.66	226.10	96.54
95.80	226.10	96.71
95.93	226.16	96.87
96.07	224.30	97.04
96.20	217.87	97.20
96.34	200.70	97.37
96.47	184.10	97.53
96.61	178.40	97.70
96.74	178.50	97.86
96.88	199.50	98.03
97.01	230.20	98.19
97.15	237.52	98.36
97.28	241.70	98.52
97.42	243.70	98.69
97.55	245.60	98.85
97.69	245.60	99.02
97.82	245.70	99.18
97.96	243.80	99.35
98.09	241.90	99.51
98.23	240.00	99.68
98.36	236.20	99.84
98.50	234.30	100.01
98.63	234.30	100.17
98.77	232.44	100.34
98.90	232.50	100.50
99.01	232.50	100.60
99.12	234.90	100.71
99.23	223.10	100.81
99.34	229.53	100.92
99.45	235.93	101.02
99.57	240.40	101.13
99.68	242.30	101.23
99.79	244.20	101.33
99.90	244.20	101.44
100.01	244.20	101.54
100.12	242.30	101.65
100.23	240.40	101.75
100.34	234.70	101.85
100.45	225.10	101.96
100.56	210.75	102.06
100.67	192.60	102.17
100.78	184.90	102.27
100.90	186.23	102.38
101.01	204.73	102.48
101.12	219.40	102.58
101.23	230.90	102.69
101.34	229.00	102.79
101.45	227.10	102.90
101.56	221.40	103.00
101.67	212.75	103.10
101.78	208.00	103.21
101.89	204.10	103.31
102.00	204.20	103.42
102.11	206.10	103.52
102.23	210.53	103.63
102.34	213.70	103.73
102.45	215.70	103.83
102.56	217.60	103.94
102.67	215.70	104.04
102.78	213.80	104.15
102.89	208.00	104.25
103.00	195.60	104.35
103.11	190.80	104.46
103.22	187.00	104.56
103.33	185.10	104.67
103.44	185.10	104.77
103.56	185.10	104.88
103.67	187.00	104.98
103.78	190.87	105.08
103.89	194.70	105.19
104.00	197.55	105.29
104.11	198.50	105.40
104.22	198.50	105.50
104.33	198.50	105.60
104.44	196.60	105.71
104.55	193.75	105.81
104.66	190.43	105.92
104.77	190.00	106.02
104.89	190.00	106.13
105.00	190.00	106.23
105.11	189.00	106.33
105.22	189.00	106.44
105.33	188.00	106.54
105.44	188.00	106.65
105.55	187.47	106.75
105.66	186.20	106.85
105.77	184.93	106.96
105.88	184.40	107.06
105.99	184.40	107.17
106.10	184.40	107.27
106.22	187.35	107.38
106.33	189.25	107.48
106.44	192.17	107.58
106.55	196.00	107.69
106.66	197.95	107.79
106.77	198.00	107.90
106.88	198.00	108.00
106.99	198.00	108.10
107.10	196.73	108.21
107.21	195.57	108.31
107.32	193.67	108.42
107.43	191.45	108.52
107.55	188.60	108.63
107.66	185.75	108.73
107.77	184.17	108.83
107.88	181.00	108.94
107.99	179.10	109.04
108.10	177.20	109.15
108.21	175.35	109.25
108.32	174.13	109.35
108.43	172.23	109.46
108.54	170.97	109.56
108.65	169.07	109.67
108.76	161.50	109.77
108.88	159.60	109.88
108.99	159.15	109.98
109.10	158.70	110.08
109.21	158.25	110.19
109.32	157.80	110.29
109.43	157.80	110.40
109.54	157.80	110.50
109.65	157.80	110.60
109.76	157.80	110.71
109.87	159.70	110.81
109.98	159.75	110.92
110.09	159.80	111.02
110.21	159.80	111.13
110.32	162.90	111.23
110.43	162.90	111.33
110.54	161.95	111.44
110.65	161.00	111.54
110.76	160.53	111.65
110.87	159.10	111.75
110.98	158.63	111.85
111.09	155.30	111.96
111.20	151.98	112.06
111.31	144.22	112.17
111.42	130.60	112.27
111.54	120.10	112.38
111.65	121.10	112.48
111.76	133.93	112.58
111.87	147.70	112.69
111.98	153.88	112.79
112.09	157.83	112.90
112.20	159.10	113.00
112.38	157.68	113.27
112.55	155.78	113.53
112.73	152.45	113.80
112.90	148.46	114.06
113.08	143.90	114.33
113.26	141.05	114.60
113.43	138.20	114.86
113.61	136.30	115.13
113.78	136.30	115.39
113.96	134.88	115.66
114.14	134.40	115.93
114.31	135.67	116.19
114.49	136.30	116.46
114.66	136.93	116.72
114.84	138.20	116.99
115.02	140.73	117.26
115.19	143.90	117.52
115.37	147.70	117.79
115.54	150.87	118.05
115.72	154.35	118.32
115.90	157.20	118.59
116.07	159.10	118.85
116.25	160.53	119.12
116.42	161.00	119.38
116.60	162.27	119.65
116.78	162.90	119.92
116.95	162.90	120.18
117.13	162.90	120.45
117.30	162.90	120.71
117.48	162.90	120.98
117.66	162.90	121.25
117.83	162.43	121.51
118.01	161.00	121.78
118.18	159.58	122.04
118.36	156.06	122.31
118.54	145.53	122.58
118.71	127.10	122.84
118.89	108.33	123.11
119.06	97.07	123.37
119.24	94.88	123.64
119.42	103.90	123.91
119.59	122.97	124.17
119.77	145.33	124.44
119.94	157.20	124.70
120.12	163.38	124.97
120.30	164.80	125.24
120.47	166.70	125.50
120.65	165.75	125.77
120.82	163.85	126.03
121.00	161.95	126.30
121.17	160.05	126.43
121.34	158.80	126.56
121.51	162.00	126.69
121.69	164.50	126.81
121.86	170.20	126.94
122.03	171.15	127.07
122.20	172.10	127.20
122.37	174.10	127.33
122.54	174.10	127.46
122.71	174.10	127.59
122.89	174.10	127.71
123.06	171.25	127.84
123.23	168.40	127.97
123.40	167.93	128.10
123.57	167.45	128.23
123.74	164.70	128.36
123.91	164.70	128.49
124.09	165.65	128.61
124.26	166.60	128.74
124.43	170.00	128.87
124.60	176.10	129.00
124.77	181.90	129.13
124.94	181.43	129.26
125.11	180.95	129.39
125.29	178.10	129.51
125.46	174.30	129.64
125.63	171.45	129.77
125.80	168.60	129.90
125.97	168.60	130.03
126.14	170.55	130.16
126.31	172.50	130.29
126.49	174.40	130.41
126.66	177.25	130.54
126.83	180.10	130.67
127.00	180.10	130.80
127.11	177.25	130.87
127.22	174.40	130.94
127.33	170.60	131.01
127.44	163.00	131.08
127.56	162.10	131.14
127.67	161.20	131.21
127.78	163.10	131.28
127.89	166.90	131.35
128.00	167.85	131.42
128.11	168.80	131.49
128.22	170.70	131.56
128.33	168.90	131.63
128.44	165.10	131.70
128.56	161.30	131.76
128.67	153.70	131.83
128.78	146.10	131.90
128.89	138.50	131.97
129.00	135.65	132.04
129.11	132.80	132.11
129.22	134.70	132.18
129.33	136.60	132.25
129.44	138.50	132.32
129.56	142.30	132.38
129.67	143.30	132.45
129.78	144.30	132.52
129.89	144.30	132.59
130.00	141.45	132.66
130.11	136.70	132.73
130.22	127.20	132.80
130.33	128.00	132.87
130.44	129.10	132.94
130.56	132.90	133.00
130.67	132.95	133.07
130.78	133.00	133.14
130.89	131.40	133.21
131.00	127.90	133.28
131.11	122.20	133.35
131.22	116.50	133.42
131.33	112.70	133.49
131.44	112.70	133.56
131.56	114.60	133.62
131.67	115.55	133.69
131.78	116.50	133.76
131.89	116.50	133.83
132.00	114.60	133.90
132.07	111.75	133.98
132.14	108.90	134.06
132.21	107.00	134.14
132.29	104.15	134.21
132.36	101.30	134.29
132.43	98.44	134.37
132.50	95.58	134.45
132.57	95.58	134.53
132.64	94.40	134.61
132.71	94.40	134.69
132.79	94.40	134.76
132.86	95.04	134.84
132.93	96.31	134.92
133.00	97.45	135.00
133.07	98.53	135.08
133.14	100.10	135.16
133.21	100.42	135.24
133.29	102.00	135.31
133.36	102.00	135.39
133.43	102.00	135.47
133.50	102.00	135.55
133.57	102.00	135.63
133.64	100.86	135.71
133.71	100.10	135.79
133.79	100.10	135.86
133.86	98.21	135.94
133.93	96.69	136.02
134.00	96.31	136.10
134.07	94.40	136.18
134.14	92.98	136.26
134.21	90.60	136.34
134.29	88.69	136.41
134.36	87.27	136.49
134.43	83.74	136.57
134.50	80.61	136.65
134.57	77.75	136.73
134.64	74.61	136.81
134.71	70.93	136.89
134.79	67.28	136.96
134.86	62.05	137.04
134.93	56.34	137.12
135.00	48.72	137.20
135.07	37.30	137.28
135.14	16.36	137.36
135.21	0.19	137.44
135.29	-8.85	137.51
135.36	-10.28	137.59
135.43	-10.28	137.67
135.50	-10.28	137.75
135.57	21.70	137.83
135.64	55.70	137.91
135.71	86.16	137.99
135.79	91.87	138.06
135.86	95.36	138.14
135.93	98.59	138.22
136.00	100.73	138.30
136.07	102.95	138.38
136.14	103.90	138.46
136.21	105.17	138.54
136.29	105.80	138.61
136.36	106.18	138.69
136.43	107.70	138.77
136.50	107.32	138.85
136.57	105.33	138.93
136.64	100.10	139.01
136.71	92.50	139.09
136.79	79.18	139.16
136.86	62.05	139.24
136.93	46.82	139.32
137.00	35.40	139.40
137.24	30.64	139.59
137.48	29.69	139.77
137.72	29.69	139.96
137.96	32.35	140.15
138.20	60.46	140.33
138.44	88.05	140.52
138.68	114.35	140.71
138.92	118.72	140.89
139.16	119.10	141.08
139.40	119.10	141.27
139.64	122.05	141.45
139.88	124.27	141.64
140.12	126.48	141.83
140.36	128.32	142.01
140.60	130.28	142.20
140.84	131.87	142.39
141.08	134.40	142.57
141.32	136.30	142.76
141.56	137.82	142.95
141.80	139.15	143.13
142.04	141.05	143.32
142.28	142.00	143.51
142.52	142.00	143.69
142.76	143.58	143.88
143.00	143.90	144.07
143.24	143.90	144.25
143.48	143.90	144.44
143.72	143.90	144.63
143.96	143.14	144.81
144.20	140.58	145.00
144.33	136.93	145.14
144.46	126.18	145.28
144.59	120.38	145.43
144.72	117.24	145.57
144.85	116.77	145.71
144.98	118.10	145.85
145.11	119.43	145.99
145.24	122.93	146.14
145.37	125.37	146.28
145.50	128.00	146.42
145.63	128.08	146.56
145.76	128.10	146.70
145.89	128.17	146.85
146.02	127.88	146.99
146.15	125.16	147.13
146.28	121.93	147.27
146.41	116.63	147.41
146.54	110.35	147.56
146.67	104.58	147.70
146.80	98.78	147.84
146.93	95.41	147.98
147.06	93.51	148.12
147.19	91.61	148.27
147.32	91.65	148.41
147.45	93.09	148.55
147.58	94.34	148.69
147.71	97.91	148.83
147.84	103.53	148.98
147.97	112.47	149.12
148.10	124.40	149.26
148.23	133.44	149.40
148.36	136.80	149.54
148.49	136.87	149.69
148.62	134.97	149.83
148.75	125.75	149.97
148.88	109.73	150.11
149.01	91.60	150.25
149.14	86.45	150.40
149.27	86.50	150.54
149.40	89.79	150.68
149.53	104.67	150.82
149.66	127.20	150.96
149.79	143.70	151.11
149.92	147.10	151.25
150.05	147.14	151.39
150.18	145.25	151.53
150.31	139.47	151.67
150.44	124.90	151.82
150.57	101.89	151.96
150.70	81.55	152.10
150.73	79.26	152.15
150.77	102.40	152.20
150.80	136.47	152.26
150.84	154.37	152.31
150.87	159.59	152.36
150.90	162.27	152.41
150.94	164.11	152.46
150.97	165.30	152.52
151.01	165.30	152.57
151.04	165.38	152.62
151.07	165.40	152.67
151.11	165.06	152.72
151.14	163.22	152.78
151.18	159.70	152.83
151.21	153.23	152.88
151.24	142.75	152.93
151.28	131.27	152.98
151.31	122.38	153.04
151.35	115.63	153.09
151.38	113.90	153.14
151.41	113.30	153.19
151.45	115.30	153.24
151.48	130.27	153.30
151.52	156.56	153.35
151.55	172.66	153.40
151.58	171.60	153.45
151.62	168.58	153.50
151.65	162.78	153.56
151.69	157.45	153.61
151.72	154.92	153.66
151.75	154.95	153.71
151.79	156.61	153.76
151.82	158.95	153.82
151.86	164.24	153.87
151.89	166.50	153.92
151.92	167.50	153.97
151.96	167.50	154.02
151.99	167.03	154.08
152.03	166.55	154.13
152.06	166.08	154.18
152.09	165.60	154.23
152.13	163.60	154.28
152.16	163.60	154.34
152.20	160.75	154.39
152.23	159.80	154.44
152.26	158.85	154.49
152.30	156.00	154.54
152.33	154.10	154.60
152.37	154.10	154.65
152.40	152.20	154.70
152.43	149.35	154.75
152.47	146.50	154.80
152.50	144.60	154.86
152.54	144.60	154.91
152.57	142.70	154.96
152.60	142.70	155.01
152.64	140.80	155.06
152.67	140.80	155.12
152.71	140.80	155.17
152.74	140.80	155.22
152.77	142.70	155.27
152.81	142.70	155.32
152.84	142.70	155.38
152.88	146.50	155.43
152.91	147.45	155.48
152.94	148.40	155.53
152.98	148.40	155.58
153.01	148.40	155.64
153.05	148.40	155.69
153.08	148.40	155.74
153.11	145.55	155.79
153.15	142.70	155.84
153.18	137.95	155.90
153.22	135.10	155.95
153.25	132.25	156.00
153.28	131.78	156.05
153.32	131.30	156.10
153.35	131.30	156.16
153.39	132.25	156.21
153.42	133.20	156.26
153.45	135.10	156.31
153.49	137.95	156.36
153.52	140.80	156.42
153.56	139.38	156.47
153.59	137.95	156.52
153.62	136.98	156.57
153.66	136.00	156.62
153.69	133.10	156.68
153.73	131.20	156.73
153.76	126.45	156.78
153.79	123.60	156.83
153.83	118.85	156.88
153.86	116.00	156.94
153.90	112.20	156.99
153.93	112.20	157.04
153.96	111.73	157.09
154.00	111.25	157.14
154.03	110.78	157.20
154.07	110.30	157.25
154.10	110.30	157.30
154.19	111.25	157.40
154.28	112.20	157.51
154.37	114.10	157.61
154.45	116.00	157.71
154.54	117.90	157.82
154.63	119.80	157.92
154.72	119.80	158.02
154.81	120.75	158.13
154.90	121.70	158.23
154.98	121.70	158.33
155.07	121.70	158.44
155.16	121.70	158.54
155.25	121.70	158.64
155.34	119.80	158.75
155.43	119.80	158.85
155.51	116.95	158.95
155.60	114.10	159.06
155.69	113.63	159.16
155.78	113.15	159.26
155.87	112.68	159.37
155.96	112.20	159.47
156.04	114.10	159.57
156.13	116.00	159.68
156.22	117.90	159.78
156.31	117.90	159.88
156.40	119.80	159.99
156.49	119.80	160.09
156.57	119.80	160.19
156.66	119.80	160.30
156.75	119.33	160.40
156.84	118.85	160.50
156.93	114.10	160.61
157.02	112.20	160.71
157.10	112.10	160.81
157.19	114.00	160.92
157.28	115.90	161.02
157.37	117.80	161.12
157.46	117.80	161.23
157.55	115.90	161.33
157.63	112.10	161.43
157.72	104.50	161.54
157.81	104.03	161.64
157.90	103.55	161.74
157.99	103.08	161.85
158.08	102.60	161.95
158.16	102.60	162.05
158.25	103.55	162.16
158.34	104.50	162.26
158.43	104.50	162.36
158.52	104.50	162.47
158.61	104.50	162.57
158.69	104.50	162.67
158.78	106.40	162.78
158.87	106.40	162.88
158.96	106.40	162.98
159.05	106.40	163.09
159.14	108.30	163.19
159.22	108.30	163.29
159.31	108.30	163.40
159.40	106.40	163.50
159.50	106.40	163.55
159.60	106.40	163.60
159.70	106.40	163.66
159.80	106.40	163.71
159.90	104.50	163.76
160.00	104.50	163.81
160.10	104.50	163.86
160.20	102.60	163.92
160.30	102.60	163.97
160.40	100.70	164.02
160.50	98.77	164.07
160.60	96.87	164.12
160.70	96.87	164.18
160.80	94.01	164.23
160.90	91.16	164.28
161.00	89.26	164.33
161.10	86.41	164.38
161.20	83.55	164.44
161.30	79.75	164.49
161.40	75.94	164.54
161.50	71.19	164.59
161.60	68.34	164.64
161.70	66.44	164.70
161.80	62.63	164.75
161.90	61.21	164.80
162.00	59.78	164.85
162.10	59.30	164.90
162.20	58.82	164.96
162.30	56.92	165.01
162.40	56.92	165.06
162.50	56.92	165.11
162.60	57.87	165.16
162.70	58.81	165.22
162.80	58.81	165.27
162.90	60.71	165.32
163.00	62.61	165.37
163.10	64.51	165.42
163.20	68.31	165.48
163.30	68.31	165.53
163.40	68.30	165.58
163.50	70.20	165.63
163.60	69.73	165.68
163.70	69.25	165.74
163.80	68.30	165.79
163.90	67.34	165.84
164.00	64.49	165.89
164.10	62.59	165.94
164.20	59.73	166.00
164.30	54.98	166.05
164.40	52.13	166.10
164.46	49.27	166.13
164.52	47.37	166.16
164.58	42.62	166.18
164.64	39.76	166.21
164.70	35.01	166.24
164.76	32.16	166.27
164.82	30.26	166.29
164.88	30.25	166.32
164.94	28.35	166.35
165.00	28.35	166.38
165.06	30.25	166.40
165.12	32.15	166.43
165.18	35.95	166.46
165.24	39.75	166.49
165.30	43.55	166.51
165.36	51.15	166.54
165.42	54.94	166.57
165.48	55.89	166.60
165.54	56.84	166.62
165.60	56.84	166.65
165.66	54.94	166.68
165.72	53.04	166.71
165.78	53.03	166.73
165.84	53.03	166.76
165.90	54.93	166.79
165.96	56.83	166.82
166.02	56.83	166.84
166.08	56.83	166.87
166.14	56.82	166.90
166.20	56.82	166.93
166.26	54.92	166.95
166.32	54.91	166.98
166.38	53.01	167.01
166.44	51.11	167.04
166.50	51.11	167.06
166.56	51.11	167.09
166.62	51.11	167.12
166.68	51.10	167.15
166.74	51.10	167.17
166.80	51.10	167.20
166.86	51.10	167.23
166.92	54.90	167.26
166.98	54.90	167.28
167.04	54.89	167.31
167.10	60.59	167.34
167.16	64.39	167.37
167.22	66.29	167.39
167.28	68.19	167.42
167.34	71.99	167.45
167.40	74.84	167.48
167.46	77.69	167.50
167.52	79.59	167.53
167.58	83.38	167.56
167.64	85.28	167.59
167.70	87.18	167.61
167.76	90.98	167.64
167.82	90.98	167.67
167.88	90.98	167.70
167.94	94.78	167.72
168.00	94.78	167.75
168.06	94.77	167.78
168.12	96.67	167.81
168.18	96.67	167.83
168.24	97.62	167.86
168.30	98.57	167.89
168.36	98.56	167.92
168.42	98.56	167.94
168.48	98.56	167.97
168.54	98.56	168.00
168.60	98.56	168.03
168.66	98.56	168.05
168.72	98.55	168.08
168.78	98.55	168.11
168.84	96.65	168.14
168.90	96.65	168.16
168.96	96.17	168.19
169.02	95.69	168.22
169.08	95.22	168.25
169.14	94.74	168.27
169.20	94.74	168.30
169.32	92.83	168.33
169.44	92.83	168.37
169.57	90.93	168.40
169.69	90.93	168.43
169.81	90.93	168.47
169.93	90.92	168.50
170.05	89.02	168.53
170.17	90.92	168.57
170.30	90.92	168.60
170.42	90.92	168.63
170.54	90.91	168.67
170.66	92.81	168.70
170.78	92.81	168.73
170.90	92.81	168.77
171.03	94.71	168.80
171.15	92.80	168.83
171.27	92.80	168.87
171.39	90.90	168.90
171.51	88.05	168.93
171.63	87.57	168.97
171.76	87.09	169.00
171.88	84.24	169.03
172.00	79.49	169.07
172.12	79.48	169.10
172.24	77.58	169.13
172.36	74.73	169.17
172.49	74.25	169.20
172.61	73.77	169.23
172.73	71.87	169.27
172.85	71.87	169.30
172.97	71.87	169.33
173.09	69.96	169.37
173.22	69.96	169.40
173.34	69.96	169.43
173.46	69.96	169.47
173.58	69.96	169.50
173.70	69.96	169.53
173.82	69.95	169.57
173.95	71.85	169.60
174.07	71.85	169.63
174.19	71.85	169.67
174.31	75.65	169.70
174.43	77.54	169.73
174.55	78.49	169.77
174.68	79.44	169.80
174.80	81.34	169.83
174.92	82.29	169.87
175.04	83.24	169.90
175.16	85.14	169.93
175.28	85.13	169.97
175.41	88.69	170.00
175.53	90.58	170.03
175.65	90.58	170.07
175.77	90.57	170.10
175.89	90.56	170.13
176.01	90.55	170.17
176.14	88.64	170.20
176.26	88.64	170.23
176.38	88.63	170.27
176.50	88.62	170.30
176.55	86.71	170.35
176.59	86.70	170.40
176.64	84.80	170.44
176.68	84.79	170.49
176.73	82.88	170.54
176.77	80.97	170.59
176.82	80.96	170.63
176.86	78.10	170.68
176.91	75.23	170.73
176.95	73.33	170.78
177.00	73.32	170.82
177.04	71.41	170.87
177.09	68.55	170.92
177.13	65.68	170.97
177.18	63.77	171.01
177.22	60.92	171.06
177.27	58.05	171.11
177.31	58.04	171.16
177.36	56.13	171.20
177.40	54.22	171.25
177.45	51.36	171.30
177.49	48.50	171.35
177.54	46.59	171.39
177.58	46.58	171.44
177.63	44.67	171.49
177.67	41.81	171.54
177.72	38.94	171.58
177.76	38.93	171.63
177.81	37.03	171.68
177.85	35.12	171.73
177.90	35.11	171.77
177.94	33.20	171.82
177.99	30.34	171.87
178.03	29.38	171.92
178.08	28.42	171.96
178.12	25.56	172.01
178.17	25.08	172.06
178.21	24.60	172.11
178.26	23.64	172.15
178.30	22.68	172.20
178.35	22.19	172.25
178.39	21.71	172.30
178.44	21.70	172.34
178.48	21.22	172.39
178.53	20.74	172.44
178.57	20.25	172.49
178.62	19.77	172.53
178.66	19.76	172.58
178.71	19.76	172.63
178.75	19.75	172.68
178.80	19.74	172.72
178.84	20.69	172.77
178.89	21.63	172.82
178.93	21.62	172.87
178.98	23.52	172.91
179.02	24.47	172.96
179.07	25.41	173.01
179.11	29.21	173.06
179.16	30.16	173.10
179.20	31.10	173.15
179.25	34.90	173.20
179.29	40.60	173.25
179.34	40.60	173.29
179.38	40.59	173.34
179.43	44.38	173.39
179.47	45.33	173.44
179.52	46.28	173.48
179.56	46.27	173.53
179.61	46.27	173.58
179.65	46.26	173.63
179.70	46.25	173.67
179.74	46.24	173.72
179.79	46.24	173.77
179.83	46.23	173.82
179.88	46.22	173.86
179.92	44.31	173.91
179.97	44.30	173.96
180.01	44.30	174.01
180.06	44.29	174.05
180.10	44.28	174.10
180.24	45.23	174.22
180.37	46.17	174.35
180.51	46.16	174.47
180.64	47.11	174.59
180.78	48.06	174.71
180.91	51.85	174.84
181.05	55.65	174.96
181.19	56.60	175.08
181.32	57.54	175.21
181.46	61.34	175.33
181.59	61.34	175.45
181.73	61.33	175.57
181.86	63.22	175.70
182.00	63.21	175.82
182.14	61.30	175.94
182.27	61.30	176.07
182.41	61.29	176.19
182.54	61.28	176.31
182.68	59.38	176.43
182.81	63.17	176.56
182.95	63.17	176.68
183.09	63.16	176.80
183.22	66.96	176.93
183.36	66.95	177.05
183.49	67.90	177.17
183.63	68.84	177.29
183.76	68.83	177.42
183.90	68.35	177.54
184.04	67.87	177.66
184.17	67.38	177.79
184.31	66.90	177.91
184.44	63.09	178.03
184.58	62.13	178.15
184.71	61.17	178.28
184.85	61.16	178.40
184.99	64.96	178.52
185.12	64.96	178.65
185.26	64.95	178.77
185.39	66.84	178.89
185.53	67.79	179.01
185.66	68.74	179.14
185.80	68.73	179.26
185.94	68.73	179.38
186.07	68.72	179.51
186.21	68.71	179.63
186.34	68.70	179.75
186.48	66.79	179.87
186.61	64.88	180.00
186.75	64.87	180.12
186.89	61.06	180.24
187.02	57.25	180.37
187.16	53.43	180.49
187.29	49.62	180.61
187.43	43.90	180.73
187.56	38.18	180.86
187.70	33.42	180.98
187.84	28.65	181.10
187.97	24.84	181.23
188.11	24.83	181.35
188.24	22.92	181.47
188.38	21.01	181.59
188.51	21.00	181.72
188.65	19.09	181.84
188.79	19.08	181.96
188.92	19.08	182.09
189.06	19.07	182.21
189.19	19.06	182.33
189.33	20.96	182.45
189.46	21.91	182.58
189.60	22.85	182.70
189.67	24.74	182.80
189.74	25.69	182.90
189.81	26.64	183.00
189.89	28.53	183.11
189.96	29.48	183.21
190.03	30.42	183.31
190.10	32.32	183.41
190.17	36.11	183.51
190.24	37.06	183.61
190.31	38.01	183.71
190.38	38.00	183.81
190.46	36.09	183.92
190.53	36.08	184.02
190.60	34.17	184.12
190.67	34.17	184.22
190.74	34.16	184.32
190.81	34.15	184.42
190.88	37.95	184.52
190.95	37.95	184.62
191.03	37.94	184.73
191.10	41.73	184.83
191.17	41.25	184.93
191.24	40.77	185.03
191.31	36.00	185.13
191.38	28.39	185.23
191.45	28.38	185.33
191.52	30.28	185.43
191.60	32.17	185.54
191.67	37.87	185.64
191.74	41.67	185.74
191.81	43.57	185.84
191.88	45.47	185.94
191.95	45.46	186.04
192.02	46.41	186.14
192.09	47.35	186.24
192.17	47.34	186.35
192.24	45.43	186.45
192.31	45.42	186.55
192.38	45.42	186.65
192.45	45.41	186.75
192.52	45.40	186.85
192.59	43.49	186.95
192.66	43.48	187.05
192.74	43.48	187.16
192.81	43.47	187.26
192.88	43.46	187.36
192.95	43.45	187.46
193.02	44.40	187.56
193.09	45.35	187.66
193.16	49.14	187.76
193.23	49.14	187.86
193.31	49.13	187.97
193.38	51.03	188.07
193.45	51.03	188.17
193.52	51.02	188.27
193.59	51.01	188.37
193.66	51.00	188.47
193.73	49.09	188.57
193.80	48.61	188.67
193.88	48.13	188.78
193.95	45.26	188.88
194.02	45.25	188.98
194.09	43.34	189.08
194.16	41.43	189.18
194.23	38.58	189.28
194.30	37.62	189.38
194.37	36.66	189.48
194.45	33.79	189.59
194.52	31.88	189.69
194.59	31.87	189.79
194.66	29.96	189.89
194.73	27.10	189.99
194.80	26.14	190.09
194.87	25.19	190.19
194.94	22.32	190.29
195.02	21.84	190.40
195.09	21.36	190.50
195.16	18.49	190.60
195.23	18.48	190.70
195.30	18.48	190.80
195.39	18.47	190.92
195.49	18.46	191.04
195.58	16.55	191.16
195.68	18.45	191.29
195.77	18.45	191.41
195.87	18.44	191.53
195.96	18.43	191.65
196.05	19.38	191.77
196.15	20.32	191.89
196.24	22.21	192.01
196.34	22.21	192.14
196.43	22.20	192.26
196.53	24.10	192.38
196.62	25.99	192.50
196.71	26.94	192.62
196.81	27.88	192.74
196.90	29.78	192.86
197.00	29.78	192.99
197.09	29.77	193.11
197.19	31.66	193.23
197.28	29.75	193.35
197.37	29.74	193.47
197.47	28.78	193.59
197.56	27.83	193.71
197.66	26.39	193.84
197.75	24.96	193.96
197.85	22.09	194.08
197.94	20.19	194.20
198.03	17.33	194.32
198.13	14.46	194.44
198.22	9.70	194.56
198.32	6.83	194.69
198.41	4.92	194.81
198.51	2.06	194.93
198.60	1.10	195.05
198.69	0.14	195.17
198.79	-0.34	195.29
198.88	-0.82	195.41
198.98	-0.83	195.54
199.07	-0.84	195.66
199.17	-0.84	195.78
199.26	1.05	195.90
199.35	2.00	196.02
199.45	2.95	196.14
199.54	4.84	196.26
199.64	6.73	196.39
199.73	6.73	196.51
199.83	6.72	196.63
199.92	6.71	196.75
200.01	6.71	196.87
200.11	6.70	196.99
200.20	6.69	197.11
200.30	6.68	197.24
200.39	4.77	197.36
200.49	4.29	197.48
200.58	3.81	197.60
200.67	0.95	197.72
200.77	-0.96	197.84
200.86	-0.97	197.96
200.96	-2.88	198.09
201.05	-5.74	198.21
201.15	-10.51	198.33
201.24	-13.38	198.45
201.33	-16.23	198.57
201.43	-18.14	198.69
201.52	-23.86	198.81
201.62	-25.30	198.94
201.71	-26.74	199.06
201.81	-29.59	199.18
201.90	-31.50	199.30
201.94	-33.41	199.32
201.98	-33.42	199.34
202.03	-35.33	199.37
202.07	-35.34	199.39
202.11	-35.35	199.41
202.15	-35.36	199.43
202.20	-35.36	199.46
202.24	-35.37	199.48
202.28	-34.43	199.50
202.32	-33.48	199.52
202.36	-33.49	199.54
202.41	-31.59	199.57
202.45	-29.69	199.59
202.49	-29.70	199.61
202.53	-25.90	199.63
202.58	-25.91	199.66
202.62	-25.91	199.68
202.66	-22.12	199.70
202.70	-22.13	199.72
202.74	-22.13	199.74
202.79	-20.23	199.77
202.83	-19.29	199.79
202.87	-18.34	199.81
202.91	-16.45	199.83
202.96	-14.55	199.86
203.00	-14.56	199.88
203.04	-14.56	199.90
203.08	-12.67	199.92
203.12	-12.68	199.94
203.17	-12.68	199.97
203.21	-10.78	199.99
203.25	-10.80	200.01
203.29	-9.85	200.03
203.34	-8.90	200.06
203.38	-7.01	200.08
203.42	-7.01	200.10
203.46	-7.02	200.12
203.50	-7.03	200.14
203.55	-7.03	200.17
203.59	-7.04	200.19
203.63	-7.05	200.21
203.67	-7.06	200.23
203.72	-6.11	200.26
203.76	-5.17	200.28
203.80	-7.07	200.30
203.84	-7.08	200.32
203.88	-7.09	200.34
203.93	-9.00	200.37
203.97	-9.01	200.39
204.01	-9.01	200.41
204.05	-9.02	200.43
204.10	-10.93	200.46
204.14	-10.94	200.48
204.18	-12.85	200.50
204.22	-12.86	200.52
204.26	-14.77	200.54
204.31	-14.78	200.57
204.35	-16.69	200.59
204.39	-16.70	200.61
204.43	-18.60	200.63
204.48	-18.61	200.66
204.52	-18.61	200.68
204.56	-18.62	200.70
204.60	-18.63	200.72
204.64	-18.64	200.74
204.69	-18.64	200.77
204.73	-18.65	200.79
204.77	-18.66	200.81
204.81	-18.66	200.83
204.86	-18.67	200.86
204.90	-18.68	200.88
204.94	-18.68	200.90
204.98	-18.69	200.92
205.02	-18.70	200.94
205.07	-18.71	200.97
205.11	-18.71	200.99
205.15	-18.72	201.01
205.19	-17.78	201.03
205.24	-16.83	201.06
205.28	-16.84	201.08
205.32	-16.85	201.10
205.36	-16.85	201.12
205.40	-14.96	201.14
205.45	-14.97	201.17
205.49	-14.02	201.19
205.53	-13.07	201.21
205.57	-13.08	201.23
205.62	-13.09	201.26
205.66	-13.09	201.28
205.70	-11.20	201.30
205.77	-9.31	201.44
205.83	-9.31	201.57
205.90	-9.32	201.71
205.96	-7.42	201.85
206.03	-7.43	201.98
206.09	-7.43	202.12
206.16	-5.54	202.26
206.22	-4.59	202.39
206.29	-3.65	202.53
206.35	-1.75	202.67
206.42	-1.76	202.80
206.48	-0.82	202.94
206.55	0.13	203.08
206.61	2.02	203.21
206.68	2.02	203.35
206.74	2.01	203.49
206.81	3.91	203.62
206.87	3.90	203.76
206.94	3.90	203.90
207.00	3.89	204.03
207.07	1.98	204.17
207.13	1.97	204.31
207.20	1.96	204.44
207.26	0.05	204.58
207.33	-1.86	204.72
207.39	-1.87	204.85
207.46	-3.78	204.99
207.52	-3.79	205.13
207.59	-5.70	205.26
207.65	-5.70	205.40
207.72	-5.71	205.54
207.78	-5.72	205.67
207.85	-5.73	205.81
207.91	-5.73	205.95
207.98	-5.74	206.08
208.04	-5.75	206.22
208.11	-5.75	206.36
208.17	-5.76	206.49
208.24	-3.86	206.63
208.30	-2.92	206.77
208.37	-1.97	206.90
208.43	-1.98	207.04
208.50	1.82	207.18
208.56	2.76	207.31
208.63	3.71	207.45
208.69	5.60	207.59
208.76	6.55	207.72
208.82	7.50	207.86
208.89	9.39	208.00
208.95	13.19	208.13
209.02	13.19	208.27
209.08	13.18	208.41
209.15	16.97	208.54
209.21	16.97	208.68
209.28	16.96	208.82
209.34	20.76	208.95
209.41	21.71	209.09
209.47	22.65	209.23
209.54	24.55	209.36
209.60	26.44	209.50
209.76	27.39	209.77
209.92	28.34	210.04
210.08	30.23	210.31
210.23	31.18	210.58
210.39	32.12	210.85
210.55	34.02	211.12
210.71	34.97	211.39
210.87	35.91	211.66
211.03	37.80	211.93
211.19	39.70	212.20
211.34	40.65	212.47
211.50	41.59	212.74
211.66	43.48	213.01
211.82	44.43	213.28
211.98	45.38	213.55
212.14	47.27	213.82
212.30	49.16	214.09
212.45	50.11	214.36
212.61	51.06	214.63
212.77	51.05	214.90
212.93	52.00	215.17
213.09	52.94	215.44
213.25	54.83	215.71
213.41	55.78	215.98
213.56	56.73	216.25
213.72	58.62	216.52
213.88	60.51	216.79
214.04	60.51	217.06
214.20	60.50	217.33
214.36	62.40	217.60
214.52	62.40	217.87
214.67	62.39	218.14
214.83	64.28	218.41
214.99	64.28	218.68
215.15	64.27	218.95
215.31	68.07	219.22
215.47	68.06	219.49
215.63	68.06	219.76
215.78	68.05	220.03
215.94	69.51	220.30
216.10	69.08	220.57
216.26	69.08	220.84
216.42	69.09	221.11
216.58	69.09	221.38
216.74	70.99	221.65
216.89	70.99	221.92
217.05	71.00	222.19
217.21	71.00	222.46
217.37	71.01	222.73
217.53	71.01	223.00
217.69	71.02	223.27
217.85	71.02	223.54
218.00	71.03	223.81
218.16	71.03	224.08
218.32	71.04	224.35
218.48	71.04	224.62
218.64	71.05	224.89
218.80	71.05	225.16
218.96	71.05	225.43
219.11	71.06	225.70
219.27	70.12	225.97
219.43	69.17	226.24
219.59	67.29	226.51
219.75	65.40	226.78
219.91	64.46	227.05
220.07	63.51	227.32
220.22	61.63	227.59
220.38	59.74	227.86
220.54	57.85	228.13
220.70	54.07	228.40
220.78	46.51	228.51
220.87	38.94	228.62
220.95	31.37	228.72
221.04	31.37	228.83
221.12	25.70	228.94
221.20	23.82	229.05
221.29	23.82	229.15
221.37	23.82	229.26
221.45	26.67	229.37
221.54	31.40	229.48
221.62	40.88	229.58
221.71	52.23	229.69
221.79	59.81	229.80
221.87	63.60	229.91
221.96	65.49	230.01
222.04	68.34	230.12
222.12	69.29	230.23
222.21	71.19	230.34
222.29	71.19	230.44
222.38	71.20	230.55
222.46	73.09	230.66
222.54	71.21	230.77
222.63	71.21	230.87
222.71	70.27	230.98
222.79	69.33	231.09
222.88	67.44	231.20
222.96	66.50	231.30
223.05	65.55	231.41
223.13	63.67	231.52
223.21	61.78	231.63
223.30	61.78	231.73
223.38	58.95	231.84
223.46	56.11	231.95
223.55	52.33	232.06
223.63	46.66	232.16
223.72	44.77	232.27
223.80	42.88	232.38
223.88	35.32	232.49
223.97	35.32	232.59
224.05	31.54	232.70
224.13	29.66	232.81
224.22	27.77	232.92
224.30	25.88	233.02
224.39	25.88	233.13
224.47	25.89	233.24
224.55	25.89	233.35
224.64	26.85	233.45
224.72	31.58	233.56
224.80	35.37	233.67
224.89	42.00	233.78
224.97	48.63	233.88
225.06	54.31	233.99
225.14	58.10	234.10
225.22	60.00	234.21
225.31	61.90	234.31
225.39	63.79	234.42
225.47	63.80	234.53
225.56	63.80	234.64
225.64	63.81	234.74
225.73	63.81	234.85
225.81	63.81	234.96
225.89	63.82	235.07
225.98	61.93	235.17
226.06	61.93	235.28
226.14	60.05	235.39
226.23	58.16	235.50
226.31	56.27	235.60
226.40	54.38	235.71
226.48	52.50	235.82
226.56	52.50	235.93
226.65	49.67	236.03
226.73	46.83	236.14
226.81	44.94	236.25
226.90	37.38	236.36
226.98	36.44	236.46
227.07	35.49	236.57
227.15	22.25	236.68
227.23	22.25	236.79
227.32	1.44	236.89
227.40	1.45	237.00
227.54	-23.15	237.09
227.68	-23.15	237.18
227.81	-26.93	237.27
227.95	-30.71	237.36
228.09	-32.60	237.45
228.23	-32.60	237.54
228.37	-30.70	237.63
228.50	-28.80	237.72
228.64	-17.44	237.81
228.78	3.38	237.90
228.92	15.69	237.99
229.06	28.00	238.08
229.19	32.74	238.17
229.33	35.58	238.26
229.47	37.47	238.35
229.61	39.37	238.44
229.75	41.27	238.53
229.88	42.22	238.62
230.02	43.17	238.71
230.16	43.17	238.80
230.30	43.18	238.89
230.44	43.18	238.98
230.57	43.19	239.07
230.71	43.19	239.16
230.85	43.20	239.25
230.99	41.31	239.34
231.13	41.31	239.43
231.26	41.32	239.52
231.40	41.32	239.61
231.54	41.33	239.70
231.68	39.44	239.79
231.82	39.45	239.88
231.95	39.45	239.97
232.09	39.45	240.06
232.23	39.46	240.15
232.37	38.52	240.24
232.51	37.58	240.33
232.64	37.58	240.42
232.78	35.69	240.51
232.92	35.70	240.60
233.06	33.81	240.69
233.20	31.92	240.78
233.33	31.92	240.87
233.47	26.25	240.96
233.61	24.37	241.05
233.75	22.48	241.14
233.89	20.59	241.23
234.02	16.81	241.32
234.16	12.08	241.41
234.30	7.35	241.50
234.49	4.52	241.64
234.67	1.68	241.78
234.86	-2.10	241.92
235.04	-3.04	242.06
235.23	-3.98	242.20
235.41	-3.98	242.34
235.60	-3.97	242.48
235.78	-3.97	242.62
235.97	-3.96	242.76
236.15	-1.12	242.90
236.34	3.62	243.04
236.52	10.25	243.18
236.71	18.77	243.32
236.89	24.46	243.46
237.08	28.24	243.60
237.26	30.14	243.74
237.45	30.15	243.88
237.63	30.15	244.02
237.82	30.16	244.16
238.00	29.21	244.30
238.19	28.27	244.44
238.37	28.27	244.58
238.56	20.71	244.72
238.74	20.71	244.86
238.93	7.47	245.00
239.11	4.63	245.14
239.30	1.80	245.28
239.48	-3.87	245.42
239.67	-3.87	245.56
239.85	-3.86	245.70
240.04	0.87	245.84
240.22	7.50	245.98
240.41	15.08	246.12
240.59	23.60	246.26
240.78	26.44	246.40
240.96	26.45	246.54
241.15	24.56	246.68
241.33	22.67	246.82
241.52	20.78	246.96
241.70	17.00	247.10
241.73	15.12	247.13
241.76	15.12	247.16
241.79	15.12	247.19
241.82	17.02	247.22
241.86	18.92	247.25
241.89	20.82	247.27
241.92	22.71	247.30
241.95	23.67	247.33
241.98	23.20	247.36
242.01	22.73	247.39
242.04	20.84	247.42
242.07	18.01	247.45
242.10	15.17	247.48
242.13	13.28	247.51
242.17	12.34	247.54
242.20	11.40	247.56
242.23	11.40	247.59
242.26	11.41	247.62
242.29	11.41	247.65
242.32	11.41	247.68
242.35	12.37	247.71
242.38	13.32	247.74
242.41	16.16	247.77
242.44	19.01	247.80
242.48	19.96	247.83
242.51	20.91	247.85
242.54	19.97	247.88
242.57	19.02	247.91
242.60	19.03	247.94
242.63	13.36	247.97
242.66	12.42	248.00
242.69	11.47	248.03
242.72	2.01	248.06
242.75	2.02	248.09
242.79	-1.76	248.12
242.82	-2.71	248.14
242.85	-3.65	248.17
242.88	-5.53	248.20
242.91	-5.53	248.23
242.94	-5.53	248.26
242.97	-5.52	248.29
243.00	-5.52	248.32
243.03	-5.51	248.35
243.06	-5.51	248.38
243.10	-5.50	248.41
243.13	-5.50	248.43
243.16	-3.60	248.46
243.19	-1.70	248.49
243.22	-1.70	248.52
243.25	0.20	248.55
243.28	2.10	248.58
243.31	3.99	248.61
243.34	4.00	248.64
243.37	5.90	248.67
243.41	5.90	248.70
243.44	5.90	248.72
243.47	5.91	248.75
243.50	5.91	248.78
243.53	5.92	248.81
243.56	4.98	248.84
243.59	4.03	248.87
243.62	4.04	248.90
243.65	3.10	248.93
243.68	2.15	248.96
243.72	0.27	248.99
243.75	0.27	249.01
243.78	0.27	249.04
243.81	-1.61	249.07
243.84	-3.50	249.10
243.87	-3.49	249.13
243.90	-5.38	249.16
243.93	-5.38	249.19
243.96	-6.32	249.22
243.99	-7.26	249.25
244.03	-9.15	249.28
244.06	-11.04	249.30
244.09	-11.98	249.33
244.12	-12.92	249.36
244.15	-14.81	249.39
244.18	-15.75	249.42
244.21	-16.69	249.45
244.24	-18.58	249.48
244.27	-19.53	249.51
244.30	-20.47	249.54
244.34	-24.24	249.57
244.37	-26.13	249.59
244.40	-27.08	249.62
244.43	-28.02	249.65
244.46	-29.90	249.68
244.49	-31.79	249.71
244.52	-33.68	249.74
244.55	-35.57	249.77
244.58	-37.45	249.80
244.61	-37.45	249.83
244.65	-40.29	249.86
244.68	-43.12	249.88
244.71	-45.01	249.91
244.74	-48.79	249.94
244.77	-49.73	249.97
244.80	-50.67	250.00
