# Long-term combined sea-level curve (strontium-derived tectonic plus climate components), 0-540 Ma at 1 Myr, from the supplementary compilation of van der Meer et al. (2025), EPSL 667:119526, doi:10.1016/j.epsl.2025.119526 (sheet CALC_STvar_20241010, column 'ALL effects').
# Columns: age_Ma  sealevel_m
0	0
1	-16.959595
2	-7.0946827
3	5.1560637
4	18.122688
5	21.945771
6	23.4756
7	39.587455
8	48.114902
9	45.000494
10	54.038112
11	55.726028
12	57.979849
13	60.201965
14	67.360517
15	84.324374
16	83.384804
17	84.548633
18	91.168691
19	97.630008
20	104.57794
21	109.94515
22	124.2299
23	115.20727
24	133.7622
25	142.65758
26	141.82718
27	140.63436
28	127.88274
29	141.02254
30	148.28104
31	139.62728
32	152.3523
33	145.45416
34	164.26446
35	172.58559
36	169.27746
37	179.93285
38	184.44223
39	188.03414
40	188.29773
41	188.23543
42	192.84427
43	190.68975
44	190.12098
45	190.6702
46	192.10524
47	195.44132
48	198.62535
49	201.18972
50	203.24861
51	203.97855
52	203.84712
53	202.51356
54	200.81659
55	199.39812
56	198.32749
57	194.73725
58	193.82509
59	192.95795
60	192.17911
61	191.45168
62	190.73841
63	187.94355
64	187.00953
65	190.83843
66	187.64885
67	183.09387
68	183.57425
69	184.0722
70	184.53932
71	185.16007
72	185.96992
73	187.42546
74	189.31405
75	190.87537
76	192.21136
77	195.4826
78	196.26631
79	196.75544
80	196.91214
81	199.09238
82	199.17983
83	200.50256
84	201.01907
85	200.76518
86	201.28618
87	202.28902
88	203.4333
89	204.12617
90	205.10559
91	206.14312
92	205.45339
93	203.31234
94	201.14874
95	199.36374
96	198.23283
97	197.71211
98	197.88249
99	198.33652
100	197.51843
101	195.83585
102	196.02469
103	193.91911
104	194.47915
105	192.41016
106	192.76815
107	193.06216
108	193.55929
109	194.38739
110	195.89066
111	198.34273
112	196.30609
113	200.8452
114	205.16057
115	206.72243
116	206.87491
117	211.90732
118	211.01521
119	208.25251
120	204.35712
121	200.9534
122	199.05028
123	195.99961
124	193.3654
125	190.57016
126	186.34105
127	186.39843
128	183.03973
129	182.31176
130	186.33419
131	187.86682
132	187.9274
133	186.41553
134	180.81233
135	176.37735
136	171.9391
137	172.19937
138	172.89946
139	176.62938
140	174.9868
141	171.16031
142	170.69657
143	170.54631
144	169.36118
145	164.78426
146	171.44845
147	171.45867
148	175.94093
149	177.77852
150	180.17971
151	184.0278
152	185.78194
153	186.56586
154	188.03421
155	188.29223
156	187.81926
157	187.92963
158	187.42468
159	185.74312
160	183.1248
161	178.24181
162	176.19908
163	175.51103
164	173.01168
165	169.85184
166	162.39149
167	158.84546
168	156.47317
169	151.46963
170	139.97971
171	132.07041
172	130.37478
173	129.48174
174	128.30229
175	126.74967
176	125.30462
177	124.72075
178	125.61899
179	126.48474
180	126.17591
181	126.55671
182	128.1336
183	129.36849
184	130.51219
185	131.16445
186	129.70304
187	128.20028
188	126.44068
189	123.55433
190	121.38103
191	118.05486
192	114.54228
193	110.97208
194	108.71521
195	108.65983
196	106.48417
197	104.62474
198	104.34058
199	104.70063
200	104.79311
201	97.315372
202	91.830262
203	84.545873
204	76.985049
205	73.774811
206	69.677185
207	67.054101
208	62.983313
209	60.692967
210	57.701667
211	55.082257
212	52.812798
213	50.759551
214	48.801264
215	46.82731
216	44.951685
217	43.125442
218	41.20629
219	39.032619
220	34.992586
221	36.422948
222	37.878452
223	40.324633
224	42.432121
225	43.824966
226	45.175976
227	46.867831
228	48.950067
229	51.07143
230	53.253274
231	55.547347
232	57.980008
233	59.880628
234	62.386452
235	64.677556
236	66.065796
237	67.400837
238	67.57295
239	67.382151
240	65.80846
241	63.52826
242	60.653292
243	57.152509
244	53.254227
245	48.724957
246	45.892685
247	48.876602
248	60.545769
249	69.061159
250	93.91988
251	114.76789
252	132.77042
253	134.08569
254	128.33762
255	131.58363
256	136.94152
257	140.34966
258	145.2857
259	146.45569
260	147.09653
261	147.66491
262	147.66202
263	146.73931
264	144.91587
265	145.63146
266	145.84151
267	145.96815
268	147.97086
269	146.81246
270	142.94221
271	138.2843
272	133.1204
273	130.58697
274	124.59574
275	118.4667
276	115.55204
277	110.62304
278	109.35224
279	103.66168
280	101.49557
281	94.156767
282	90.803968
283	95.459028
284	96.107847
285	95.153116
286	93.735325
287	91.446537
288	83.505211
289	75.91584
290	64.150517
291	53.911009
292	46.692511
293	35.438477
294	27.370765
295	25.503807
296	32.304027
297	32.249297
298	26.994653
299	22.766694
300	14.712112
301	13.277259
302	11.728755
303	14.910578
304	13.32483
305	16.757718
306	15.754118
307	15.048611
308	14.652888
309	14.370021
310	14.600025
311	14.456493
312	14.603938
313	10.319931
314	10.861603
315	7.2316908
316	3.5899953
317	0.16382522
318	2.0160727
319	4.4480139
320	12.425066
321	24.580614
322	36.510488
323	48.308313
324	59.964233
325	67.763563
326	75.235326
327	81.994301
328	87.961217
329	93.08507
330	94.272647
331	95.400672
332	97.269488
333	105.49316
334	110.83041
335	114.55741
336	116.16569
337	116.90566
338	120.5368
339	120.54848
340	117.27347
341	116.88423
342	115.99762
343	118.03616
344	115.52606
345	111.99182
346	107.71938
347	102.64938
348	98.23879
349	97.015213
350	94.798101
351	98.790206
352	99.038803
353	99.256797
354	97.931364
355	98.219345
356	95.98303
357	93.536228
358	91.600983
359	89.873892
360	92.403778
361	92.974026
362	93.376512
363	94.103372
364	95.094549
365	96.404532
366	99.526769
367	103.4527
368	105.47491
369	106.5765
370	107.27371
371	107.88671
372	108.30621
373	108.53599
374	108.00642
375	108.58248
376	107.69943
377	106.6069
378	103.73102
379	100.73324
380	99.226793
381	104.32506
382	109.87313
383	117.91107
384	122.21844
385	122.85425
386	120.76586
387	112.02509
388	108.18594
389	108.47048
390	113.58911
391	118.93859
392	118.04555
393	116.75153
394	114.53719
395	115.37036
396	111.32269
397	105.281
398	98.827092
399	100.76776
400	102.7479
401	114.59117
402	118.30044
403	119.71394
404	118.96977
405	113.35684
406	103.17578
407	95.041776
408	94.017062
409	96.305255
410	101.68805
411	101.71649
412	102.19498
413	98.993321
414	94.064604
415	87.256079
416	81.040888
417	75.83889
418	74.609799
419	71.486
420	71.796121
421	66.092993
422	66.24006
423	65.978904
424	64.184481
425	69.749357
426	79.430387
427	83.861093
428	86.119273
429	84.843353
430	87.808071
431	90.822339
432	96.887804
433	99.121241
434	101.39431
435	100.34615
436	100.05686
437	101.9744
438	103.96034
439	105.11327
440	104.44484
441	100.81943
442	90.403979
443	79.032333
444	69.162455
445	69.200714
446	75.312665
447	85.439704
448	98.030141
449	106.14147
450	107.13461
451	109.32478
452	108.85445
453	104.33529
454	103.81707
455	98.751941
456	95.279717
457	93.379376
458	90.059876
459	90.751672
460	91.143793
461	90.013002
462	87.88029
463	83.228275
464	79.34703
465	77.388151
466	74.101169
467	73.556132
468	73.498746
469	75.553734
470	75.216253
471	72.694218
472	71.763979
473	71.059141
474	68.97086
475	67.078203
476	65.288438
477	63.465436
478	63.685222
479	62.182989
480	62.25062
481	62.159681
482	60.657732
483	59.194714
484	58.784533
485	57.068218
486	56.414937
487	55.803903
488	52.539727
489	50.484473
490	48.471404
491	46.639347
492	44.570401
493	43.351568
494	40.749729
495	37.901788
496	37.002876
497	36.447142
498	37.673316
499	37.50842
500	37.542072
501	37.554054
502	37.772015
503	38.153542
504	38.694253
505	40.532732
506	41.214729
507	40.789268
508	40.120204
509	39.452758
510	40.689415
511	40.844432
512	39.815178
513	40.771506
514	40.805718
515	42.053985
516	42.149595
517	48.09487
518	50.767219
519	53.472595
520	56.527657
521	59.188464
522	69.521429
523	78.531614
524	83.475645
525	83.141103
526	83.267471
527	79.573514
528	80.247659
529	80.576326
530	78.846868
531	76.46133
532	70.249317
533	69.817705
534	65.330597
535	60.918006
536	55.005554
537	52.487142
538	52.044704
539	47.411916
540	42.844734
