# Ray et al. (2019) Cretaceous eustatic synthesis, 3-Myr window medians, 65-145 Ma at 0.5 Myr, as tabulated in the supplementary compilation of van der Meer et al. (2025), EPSL 667:119526, doi:10.1016/j.epsl.2025.119526 (sheet Ray2019).
# Columns: age_Ma  sealevel_median_m
65.000	24.000
65.500	25.000
66.000	28.000
66.500	27.000
67.000	27.000
67.500	27.000
68.000	27.000
68.500	25.000
69.000	25.000
69.500	25.000
70.000	25.000
70.500	25.000
71.000	25.000
71.500	25.000
72.000	25.000
72.500	25.000
73.000	15.000
73.500	10.000
74.000	8.000
74.500	8.000
75.000	10.000
75.500	10.000
76.000	14.000
76.500	15.000
77.000	23.000
77.500	26.000
78.000	23.000
78.500	20.000
79.000	20.000
79.500	20.000
80.000	25.000
80.500	25.000
81.000	25.000
81.500	25.000
82.000	28.000
82.500	25.000
83.000	24.000
83.500	22.000
84.000	22.000
84.500	22.000
85.000	19.000
85.500	22.000
86.000	22.000
86.500	22.000
87.000	18.000
87.500	16.000
88.000	10.000
88.500	9.000
89.000	10.000
89.500	10.000
90.000	10.000
90.500	10.000
91.000	10.000
91.500	10.000
92.000	10.000
92.500	11.000
93.000	11.000
93.500	10.000
94.000	10.000
94.500	10.000
95.000	10.000
95.500	10.000
96.000	10.000
96.500	10.000
97.000	14.000
97.500	14.000
98.000	15.000
98.500	10.000
99.000	9.000
99.500	14.000
100.000	14.000
100.500	15.000
101.000	15.000
101.500	15.000
102.000	22.000
102.500	28.000
103.000	33.000
103.500	34.000
104.000	33.000
104.500	33.000
105.000	33.000
105.500	39.000
106.000	35.000
106.500	30.000
107.000	12.000
107.500	10.000
108.000	10.000
108.500	10.000
109.000	10.000
109.500	10.000
110.000	10.000
110.500	10.000
111.000	10.000
111.500	10.000
112.000	10.000
112.500	13.000
113.000	23.000
113.500	23.000
114.000	23.000
114.500	10.000
115.000	10.000
115.500	35.000
116.000	50.000
116.500	50.000
117.000	50.000
117.500	50.000
118.000	50.000
118.500	48.000
119.000	48.000
119.500	35.000
120.000	30.000
120.500	30.000
121.000	20.000
121.500	30.000
122.000	48.000
122.500	30.000
123.000	30.000
123.500	31.000
124.000	33.000
124.500	30.000
125.000	23.000
125.500	46.000
126.000	46.000
126.500	45.000
127.000	46.000
127.500	46.000
128.000	45.000
128.500	30.000
129.000	20.000
129.500	20.000
130.000	25.000
130.500	23.000
131.000	20.000
131.500	21.000
132.000	22.000
132.500	22.000
133.000	24.000
133.500	29.000
134.000	33.000
134.500	34.000
135.000	41.000
135.500	41.000
136.000	40.000
136.500	39.000
137.000	38.000
137.500	38.000
138.000	31.000
138.500	19.000
139.000	10.000
139.500	6.000
140.000	4.000
140.500	4.000
141.000	4.000
141.500	3.000
142.000	4.000
142.500	3.000
143.000	3.000
143.500	3.000
144.000	5.000
144.500	5.000
145.000	5.000
