# Kominz et al. (2008) New Jersey backstripped sea-level estimates, 10-108 Ma at 1 Myr, as tabulated in the supplementary compilation of van der Meer et al. (2025), EPSL 667:119526, doi:10.1016/j.epsl.2025.119526 (sheet Kominz2008_ST).
# Columns: age_Ma  midpoint_m  min_m  max_m   (midpoint of the min/max envelope is the curve used by sealevel_three_curves.py)
10.000	-5.150	-5.700	-4.600
11.000	5.800	5.800	5.800
12.000	5.300	-3.500	14.100
13.000	4.000	-0.300	8.300
14.000	16.200	8.200	24.200
15.000	11.050	10.000	12.100
16.000	6.050	2.600	9.500
17.000	2.000	0.500	3.500
18.000	-4.900	-11.500	1.700
19.000	-1.650	-2.600	-0.700
20.000	3.650	-4.000	11.300
21.000	22.000	5.300	38.700
22.000	5.900	5.900	5.900
23.000	0.000	-12.400	12.400
24.000	-14.200	-31.100	2.700
25.000	-5.500	-28.900	17.900
26.000	11.550	-7.000	30.100
27.000	17.100	-9.600	43.800
28.000	1.550	-21.400	24.500
29.000	10.150	-3.800	24.100
30.000	5.300	0.000	10.600
31.000	15.950	10.600	21.300
32.000	20.350	4.700	36.000
33.000	19.050	-3.400	41.500
34.000	30.850	-2.000	63.700
35.000	51.500	39.300	63.700
36.000	44.450	29.000	59.900
37.000	45.200	30.500	59.900
38.000	0.000	0.000	0.000
39.000	0.000	0.000	0.000
40.000	46.400	42.400	50.400
41.000	52.600	39.200	66.000
42.000	68.950	66.000	71.900
43.000	64.450	52.900	76.000
44.000	85.800	76.000	95.600
45.000	105.450	86.900	124.000
46.000	95.150	94.600	95.700
47.000	101.600	96.400	106.800
48.000	106.300	101.800	110.800
49.000	119.450	108.500	130.400
50.000	102.150	88.900	115.400
51.000	96.600	88.700	104.500
52.000	111.150	104.500	117.800
53.000	133.300	127.900	138.700
54.000	117.700	90.000	145.400
55.000	83.750	66.200	101.300
56.000	77.050	50.300	103.800
57.000	63.450	56.600	70.300
58.000	68.700	56.000	81.400
59.000	53.400	50.800	56.000
60.000	74.600	72.200	77.000
61.000	84.300	82.600	86.000
62.000	71.800	52.000	91.600
63.000	56.400	53.800	59.000
64.000	59.900	59.900	59.900
65.000	72.100	59.900	84.300
66.000	71.200	66.000	76.400
67.000	67.700	62.600	72.800
68.000	80.450	68.000	92.900
69.000	87.800	69.400	106.200
70.000	76.750	69.400	84.100
71.000	66.700	65.500	67.900
72.000	70.800	67.900	73.700
73.000	73.050	71.400	74.700
74.000	75.750	72.800	78.700
75.000	85.550	78.700	92.400
76.000	65.200	48.500	81.900
77.000	64.250	53.000	75.500
78.000	69.650	61.800	77.500
79.000	63.550	61.300	65.800
80.000	69.150	65.800	72.500
81.000	75.500	72.500	78.500
82.000	75.200	71.900	78.500
83.000	73.850	72.400	75.300
84.000	74.200	70.100	78.300
85.000	65.750	59.200	72.300
86.000	54.650	47.200	62.100
87.000	46.450	43.500	49.400
88.000	49.500	44.000	55.000
89.000	45.900	43.400	48.400
90.000	54.150	48.300	60.000
91.000	57.450	54.000	60.900
92.000	82.150	74.200	90.100
93.000	75.850	70.700	81.000
94.000	72.400	68.500	76.300
95.000	71.100	66.100	76.100
96.000	74.250	68.100	80.400
97.000	54.900	51.600	58.200
98.000	53.000	50.000	56.000
99.000	50.300	49.600	51.000
100.000	48.250	47.800	48.700
101.000	48.750	48.200	49.300
102.000	49.700	49.300	50.100
103.000	50.050	49.600	50.500
104.000	47.500	45.400	49.600
105.000	44.700	43.600	45.800
106.000	47.500	45.800	49.200
107.000	48.700	48.300	49.100
108.000	48.100	47.900	48.300
